53
123
140
142
193
235
467
481
900
912
1018
1150
1200
1264
1416
1543
1587
1626
1655
1763
1832
1924
1926
1999
2082
2125
2154
2161
2168
2303
2306
2324
2368
2421
2510
2600
2625
2625
2634
2668
2695
2800
3093
3102
3195
3297
3430
3434
3487
3548
3557
3584
3602
3625
3728
3737
3753
3788
4031
4041
4099
4144
4169
4313
4313
4414
4474
4565
4596
4639
4667
4678
4734
4745
4757
4802
4833
4886
4940
4966
5002
5021
5030
5075
5097
5108
5109
5249
5535
5537
5629
5699
5786
5829
5844
6038
6072
6191
6202
6224
6270
6359
6411
6422
6439
6477
6483
6540
6559
6617
6618
6729
6900
6902
7129
7164
7285
7376
7391
7441
7448
7487
7518
7616
7627
7882
7900
7958
8116
8177
8260
8281
8313
8360
8365
8480
8492
8526
8909
8932
9010
9161
9314
9357
9374
9503
9512
9514
9576
9758
9789
9832
9905
9930
10021
10112
10195
10202
10285
10291
10322
10383
10466
10555
10585
10712
10808
11008
11020
11023
11173
11323
11337
11477
11511
11585
11701
11833
11840
12043
12044
12052
12053
12263
12287
12292
12423
12455
12529
12550
12623
12717
12760
12835
12896
12949
12993
13007
13022
13030
13031
13061
13064
13186
13261
13290
13357
13401
13458
13694
13829
13931
13966
13977
13985
14018
14181
14270
14309
14310
14343
14460
14474
14485
14688
14798
14887
14893
14924
14945
14962
14989
15006
15255
15281
15350
15457
15573
15574
15890
16105
16118
16139
16202
16279
16282
16413
16423
16512
16519
16541
16549
16687
16941
16944
16962
17086
17189
17192
17222
17253
17371
17410
17437
17451
17505
17578
17713
17773
17807
17861
17958
18007
18060
18087
18114
18127
18190
18538
18588
18636
18651
18662
18696
18756
18762
18787
18823
18875
18896
18935
18958
19072
19156
19187
19357
19405
19558
19589
19629
19668
19711
19796
19801
19815
19866
19954
19976
20024
20053
20055
20142
20159
20222
20315
20326
20328
20416
20450
20472
20485
20537
20556
20580
20600
20649
20671
20798
20851
20945
21003
21113
21119
21153
21425
21520
21538
21548
21624
21659
21694
21718
21724
21763
21881
22296
22355
22386
22413
22428
22466
22483
22549
22593
22646
22658
22704
22725
22758
22798
22813
22850
22888
22929
23152
23195
23196
23199
23216
23271
23622
23646
23655
23757
23844
23851
23869
23986
24021
24041
24084
24129
24179
24182
24221
24229
24272
24350
24355
24370
24372
24389
24393
24423
24484
24488
24596
24626
24648
24767
24946
25200
25423
25484
25547
25627
25721
25734
25760
25824
25874
25996
26058
26154
26292
26302
26308
26362
26418
26439
26477
26576
26777
26869
26924
27088
27157
27348
27350
27384
27432
27506
27593
27595
27624
27753
27756
27892
27938
27982
28009
28019
28022
28070
28286
28297
28321
28433
28464
28476
28520
28617
28692
28704
28745
29011
29168
29170
29213
29314
29334
29337
29350
29361
29510
29565
29577
29617
29657
29658
29734
29790
29855
29869
29972
30145
30188
30191
30227
30303
30523
30527
30771
30833
30836
30900
30932
30974
31003
31060
31101
31107
31111
31115
31185
31286
31316
31329
31426
31556
31673
31928
31998
32170
32209
32270
32356
32439
32525
32591
32609
32702
