8
21
26
28
28
39
40
42
53
58
65
71
73
75
113
119
121
138
142
144
146
148
159
170
175
189
205
225
229
236
241
248
250
259
289
300
303
304
318
330
335
337
348
361
406
415
424
435
441
456
462
474
475
479
484
485
489
495
502
503
506
521
522
530
530
532
540
542
555
565
592
608
610
613
617
621
655
656
658
658
661
666
669
675
679
681
684
690
698
700
702
704
707
716
726
742
748
750
751
754
786
788
792
821
826
832
833
839
841
846
874
875
893
893
899
905
906
911
917
922
930
940
943
958
979
985
989
990
1009
1012
1012
1014
1017
1023
1025
1028
1048
1052
1052
1054
1056
1071
1071
1084
1085
1088
1105
1127
1131
1146
1157
1181
1187
1201
1205
1206
1219
1238
1259
1267
1278
1280
1282
1293
1320
1325
1331
1334
1338
1340
1344
1355
1360
1363
1364
1381
1386
1401
1405
1411
1421
1430
1436
1441
1443
1454
1457
1466
1495
1497
1511
1515
1528
1537
1539
1539
1549
1550
1560
1563
1563
1570
1588
1594
1595
1604
1608
1615
1620
1623
1626
1637
1643
1650
1655
1662
1663
1670
1675
1677
1679
1695
1697
1707
1710
1717
1723
1723
1727
1731
1735
1751
1752
1758
1768
1769
1771
1774
1775
1790
1825
1827
1836
1840
1847
1862
1866
1881
1883
1885
1892
1897
1898
1899
1908
1908
1915
1936
1941
1943
1949
1954
1954
1969
1981
1984
1988
1990
1993
2003
2011
2016
2018
2019
2028
2047
2085
2088
2088
2095
2097
2111
2112
2136
2138
2144
2145
2151
2173
2183
2186
2187
2206
2208
2220
2222
2223
2232
2237
2244
2257
2257
2258
2264
2270
2286
2290
2307
2317
2317
2327
2330
2340
2343
2352
2363
2370
2376
2382
2397
2401
2403
2406
2435
2438
2445
2451
2461
2480
2481
2483
2503
2505
2512
2513
2514
2520
2529
2534
2554
2556
2572
2589
2593
2598
2599
2607
2609
2623
2641
2645
2647
2661
2663
2669
2670
2670
2678
2695
2699
2702
2734
2737
2741
2742
2774
2785
2814
2850
2862
2865
2872
2880
2883
2884
2927
2943
2943
2944
2963
2971
2995
2997
3012
3034
3039
3053
3065
3079
3093
3134
3145
3154
3154
3164
3169
3181
3184
3187
3202
3205
3210
3220
3221
3239
3241
3251
3264
3271
3276
3293
3309
3318
3328
3332
3333
3335
3338
3340
3343
3351
3359
3360
3380
3388
3393
3394
3396
3402
3413
3426
3432
3447
3449
3454
3455
3477
3480
3497
3503
3517
3523
3523
3527
3529
3537
3542
3545
3554
3561
3565
3565
3566
3580
3582
3585
3586
3591
3609
3644
3652
3656
3659
3676
3684
3687
3690
3730
3751
3760
3760
3766
3789
3805
3818
3822
3829
3831
3832
3850
3855
3872
3873
3878
3879
3904
3915
3917
3925
3943
3959
3964
3967
3987
3989
3995
4006
4015
4042
4047
4055
4071
4074
4084
4084
4090
4098
4101
4120
4141
4157
4182
4186
4198
4202
4208
4213
4229
4231
4235
4287
4287
4291
4319
4324
4327
4343
4345
4346
4360
4360
4364
4380
4381
4415
4422
4429
4434
4449
4460
4464
4472
4489
4508
4510
4536
4575
4580
4586
4591
4592
4593
4611
4623
4629
4632
4640
4641
4651
4675
4680
4681
4686
4693
4693
4712
4715
4718
4719
4720
4747
4750
4755
4769
4795
4798
4806
4852
4858
4860
4860
4872
4872
4879
4882
4883
4907
4912
4919
4931
4944
4949
4954
4975
4978
4982
4983
4987
4998
5000
5006
5021
5028
5032
5033
5038
5045
5049
5053
5055
5059
5071
5084
5086
5093
5117
5123
5131
5137
5154
5158
5174
5177
5190
5191
5193
5204
5220
5224
5225
5226
5227
5230
5242
5259
5279
5299
5303
5340
5385
5402
5416
5416
5427
5436
5450
5454
5469
5471
5488
5506
5507
5513
5532
5538
5541
5545
5553
5556
5565
5565
5566
5589
5589
5601
5602
5602
5610
5628
5638
5646
5651
5651
5651
5662
5676
5677
5686
5692
5695
5706
5715
5716
5717
5722
5725
5745
5750
5752
5764
5767
5769
5792
5794
5808
5809
5820
5821
5831
5841
5857
5865
5869
5874
5893
5906
5907
5912
5915
5927
5934
5936
5938
5939
5945
5946
5967
5973
5974
5985
5991
5994
5997
6003
6021
6030
6038
6038
6046
6050
6064
6077
6085
6097
6120
6125
6126
6135
6139
6140
6149
6153
6172
6188
6193
6204
6227
6231
6231
6234
6238
6249
6259
6266
6272
6286
6287
6292
6300
6300
6321
6329
6336
6354
6365
6366
6369
6379
6388
6407
6410
6421
6450
6450
6459
6461
6463
6464
6467
6473
6477
6478
6479
6486
6493
6504
6508
6508
6511
6533
6538
6538
6540
6541
6558
6576
6582
6595
6599
6602
6608
6636
6637
6640
6645
6646
6648
6652
6654
6693
6698
6702
6704
6705
6705
6716
6724
6731
6734
6738
6741
6747
6748
6753
6766
6766
6767
6784
6798
6813
6816
6816
6824
6840
6844
6862
6867
6878
6879
6915
6922
6923
6923
6923
6932
6962
6966
6972
6995
7011
7028
7038
7042
7049
7056
7058
7075
7085
7093
7103
7104
7118
7128
7137
7152
7162
7171
7172
7185
7195
7200
7208
7213
7229
7231
7239
7240
7240
7245
7262
7262
7266
7267
7278
7283
7288
7296
7298
7299
7301
7328
7349
7355
7357
7358
7372
7373
7375
7406
7419
7441
7450
7452
7462
7469
7470
7479
7491
7492
7498
7511
7514
7516
7523
7523
7531
7534
7540
7547
7551
7572
7578
7585
7586
7590
7591
7592
7603
7604
7605
7611
7619
7636
7640
7665
7666
7670
7672
7679
7679
7688
7717
7720
7721
7727
7740
7741
7746
7768
7783
7793
7809
7811
7813
7815
7833
7846
7864
7879
7886
7887
7905
7912
7915
7918
7926
7949
7950
7952
7954
7958
7961
7975
7976
7986
7993
7997
8007
8023
8042
8044
8055
8072
8075
8106
8144
8146
8153
8160
8166
8172
8174
8182
8184
8186
8187
8194
8213
8217
8234
8237
8239
8247
8250
8252
8256
8257
8266
8272
8290
8310
8313
8314
8315
8326
8329
8339
8343
8346
8360
8363
8380
8380
8381
8387
8388
8394
8400
8405
8419
8421
8421
8437
8454
8456
8472
8483
8486
8493
8510
8519
8522
8546
8551
8563
8582
8596
8610
8613
8616
8624
8627
8636
8638
8652
8670
8672
8681
8683
8684
8686
8692
8695
8705
8706
8707
8714
8719
8729
8738
8752
8753
8759
8762
8779
8793
8805
8823
8826
8833
8838
8850
8867
8871
8872
8880
8890
8891
8896
8917
8922
8925
8928
8934
8935
8938
8956
8964
8965
8968
8971
8976
8978
8979
8982
8982
8990
8996
9010
9023
9034
9058
9072
9072
9074
9078
9079
9085
9088
9090
9091
9094
9099
9102
9135
9152
9156
9166
9168
9198
9220
9227
9232
9248
9252
9253
9257
9260
9261
9270
9273
9275
9277
9290
9310
9313
9314
9318
9320
9364
9375
9385
9387
9405
9412
9425
9458
9462
9464
9467
9487
9487
9492
9496
9501
9503
9505
9507
9508
9515
9515
9523
9535
9551
9561
9567
9573
9574
9578
9578
9601
9616
9625
9646
9647
9658
9658
9676
9694
9707
9714
9722
9729
9734
9762
9768
9781
9789
9793
9793
9815
9818
9834
9846
9850
9853
9858
9860
9876
9905
9916
9934
9961
9970
9981
9984
9990
10002
10004
10006
10008
10035
10036
10040
10041
10048
10057
10067
10075
10080
10102
10103
10106
10116
10130
10133
10134
10142
10142
10144
10168
10176
10178
10189
10193
10199
10202
10208
10238
10252
10258
10268
10270
10285
10293
10312
10313
10324
10350
10353
10357
10378
10380
10382
10382
10389
10390
10393
10396
10405
10415
10422
10425
10426
10428
10440
10443
10459
10468
10471
10481
10485
10490
10498
10506
10508
10538
10542
10548
10555
10556
10557
10559
10573
10591
10599
10600
10615
10635
10635
10639
10647
10654
10663
10670
10677
10677
10677
10679
10681
10684
10687
10697
10698
10700
10700
10720
10722
10737
10748
10753
10758
10761
10761
10777
10790
10797
10816
10819
10827
10844
10844
10845
10861
10866
10872
10883
10886
10891
10893
10904
10910
10929
10935
10935
10938
10940
10943
10945
10946
10951
10961
10966
10968
10976
10984
10986
10987
10996
10998
10999
11001
11026
11027
11056
11056
11058
11064
11069
11072
11075
11080
11094
11124
11146
11149
11153
11156
11159
11171
11191
11192
11192
11197
11211
11224
11238
11243
11245
11247
11258
11262
11267
11293
11299
11320
11323
11333
11342
11367
11369
11376
11381
11382
11385
11393
11395
11400
11408
11417
11420
11422
11434
11447
11455
11458
11462
11462
11495
11503
11504
11514
11520
11521
11531
11544
11567
11599
11600
11622
11635
11643
11647
11647
11662
11672
11684
11698
11714
11715
11728
11738
11749
11754
11759
11771
11777
11784
11785
11798
11807
11822
11827
11829
11833
11836
11837
11838
11857
11874
11876
11891
11903
11909
11950
11959
11969
11979
11980
12008
12021
12022
12033
12036
12042
12054
12060
12073
12074
12074
12076
12078
12079
12087
12097
12105
12118
12121
12126
12129
12136
12137
12157
12158
12164
12170
12181
12187
12189
12193
12212
12239
12244
12245
12249
12253
12254
12258
12259
12268
12274
12274
12279
12289
12290
12294
12295
12306
12317
12319
12322
12351
12356
12361
12368
12392
12393
12420
12433
12437
12438
12448
12455
12472
12481
12488
12489
12493
12499
12503
12503
12504
12508
12516
12525
12527
12529
12534
12536
12549
12549
12570
12570
12578
12581
12584
12589
12594
12600
12611
12626
12628
12628
12637
12654
12673
12674
12677
12686
12722
12723
12729
12734
12737
12750
12755
12759
12759
12779
12796
12818
12826
12833
12843
12844
12890
12902
12911
12924
12927
12927
12931
12933
12933
12935
12935
12936
12937
12938
12941
12946
12983
12993
12998
13000
13028
13037
13037
13043
13049
13053
13063
13063
13079
13093
13101
13142
13143
13149
13152
13161
13162
13163
13165
13169
13171
13179
13189
13194
13201
13208
13210
13224
13232
13234
13240
13245
13252
13262
13289
13290
13293
13310
13316
13330
13336
13337
13338
13357
13370
13371
13377
13388
13392
13406
13428
13444
13444
13452
13452
13465
13465
13475
13476
13487
13489
13490
13490
13509
13509
13509
13519
13525
13540
13543
13549
13559
13573
13578
13579
13584
13597
13608
13640
13642
13647
13648
13653
13675
13694
13698
13712
13713
13716
13722
13758
13762
13773
13774
13784
13785
13787
13787
13793
13795
13803
13810
13817
13826
13837
13843
13851
13851
13852
13855
13865
13874
13877
13882
13885
13917
13924
13930
13946
13971
13973
13976
13976
13985
13993
13993
13998
14007
14008
14015
14016
14062
14066
14091
14095
14108
14118
14119
14122
14140
14145
14146
14155
14161
14161
14171
14179
14186
14193
14196
14197
14199
14199
14214
14218
14231
14243
14248
14248
14256
14262
14272
14286
14295
14318
14333
14336
14364
14369
14376
14381
14387
14398
14398
14413
14423
14428
14428
14443
14462
14464
14469
14481
14486
14489
14504
14507
14512
14522
14523
14541
14550
14552
14578
14589
14590
14600
14606
14609
14615
14624
14625
14629
14631
14633
14640
14651
14663
14676
14693
14697
14700
14708
14709
14713
14721
14723
14736
14752
14753
14776
14788
14790
14790
14801
14804
14825
14835
14844
14854
14855
14867
14868
14875
14878
14890
14893
14895
14899
14902
14902
14907
14932
14955
14957
14962
14964
14984
14990
15000
15005
15012
15020
15022
15023
15024
15026
15032
15038
15055
15072
15075
15084
15100
15117
15127
15137
15137
15144
15145
15145
15147
15169
15185
15199
15205
15238
15248
15255
15257
15258
15262
15264
15275
15279
15290
15296
15319
15338
15349
15351
15370
15377
15384
15407
15415
15431
15433
15441
15444
15447
15460
15463
15469
15477
15492
15495
15498
15505
15529
15536
15561
15565
15567
15568
15579
15581
15589
15590
15615
15618
15621
15623
15629
15665
15675
15677
15678
15712
15713
15722
15733
15748
15759
15765
15787
15790
15791
15793
15811
15812
15813
15814
15821
15826
15834
15869
15871
15881
15891
15896
15944
15945
15947
15948
15955
15966
15969
15987
15993
16002
16016
16036
16040
16060
16061
16070
16074
16080
16081
16085
16085
16088
16090
16096
16097
16100
16128
16129
16141
16142
16191
16193
16208
16211
16215
16216
16224
16225
16251
16256
16259
16278
16280
16290
16292
16296
16303
16320
16321
16334
16336
16337
16339
16339
16343
16345
16360
16366
16367
16371
16398
16405
16430
16439
16439
16446
16453
16463
16464
16466
16469
16474
16497
16499
16519
16561
16565
16565
16584
16586
16589
16590
16595
16600
16626
16626
16633
16634
16641
16641
16653
16657
16671
16683
16693
16697
16704
16715
16717
16741
16742
16754
16760
16769
16798
16806
16824
16828
16833
16840
16840
16853
16857
16858
16859
16878
16883
16893
16895
16925
16948
16955
16972
16983
16984
16991
17006
17013
17014
17022
17040
17063
17064
17073
17093
17095
17103
17103
17107
17107
17110
17117
17118
17124
17132
17137
17157
17168
17182
17199
17204
17206
17207
17209
17223
17226
17233
17236
17241
17253
17260
17271
17282
17282
17291
17295
17296
17342
17350
17369
17377
17398
17408
17411
17420
17421
17432
17442
17452
17461
17465
17469
17480
17482
17518
17524
17537
17540
17546
17549
17552
17553
17571
17584
17584
17589
17591
17604
17610
17612
17615
17623
17632
17641
17650
17651
17659
17659
17668
17683
17692
17708
17713
17723
17762
17774
17775
17776
17776
17780
17825
17827
17832
17839
17841
17843
17858
17860
17864
17870
17877
17879
17887
17889
17893
17902
17906
17913
17916
17922
17922
17929
17929
17939
17945
17953
17954
17964
17968
17975
17981
17982
17984
17998
18008
18011
18012
18018
18023
18026
18028
18032
18035
18038
18040
18058
18061
18075
18085
18086
18108
18110
18115
18125
18129
18132
18133
18135
18136
18140
18154
18166
18166
18170
18174
18175
18200
18217
18222
18230
18237
18238
18238
18240
18245
18258
18259
18259
18271
18277
18281
18283
18283
18298
18300
18318
18330
18333
18335
18337
18345
18352
18364
18373
18382
18392
18396
18397
18413
18423
18434
18443
18448
18455
18456
18457
18470
18479
18490
18493
18503
18509
18516
18529
18540
18569
18584
18585
18588
18598
18610
18613
18613
18630
18631
18631
18633
18634
18643
18651
18661
18675
18677
18678
18682
18683
18684
18686
18700
18703
18706
18709
18717
18718
18718
18721
18725
18738
18759
18759
18762
18775
18786
18792
18805
18805
18819
18828
18840
18842
18846
18848
18864
18866
18882
18902
18908
18913
18913
18915
18939
18965
18990
18990
19002
19008
19019
19022
19037
19044
19047
19050
19066
19067
19090
19093
19095
19095
19097
19103
19104
19105
19135
19149
19154
19161
19172
19176
19178
19195
19198
19199
19203
19252
19271
19278
19281
19285
19285
19314
19353
19359
19368
19369
19375
19396
19397
19402
19406
19410
19413
19420
19426
19435
19438
19443
19447
19468
19472
19473
19485
19489
19490
19497
19522
19531
19533
19539
19552
19555
19557
19567
19569
19601
19611
19623
19631
19645
19649
19662
19664
19677
19690
19692
19695
19695
19714
19735
19737
19750
19751
19752
19761
19770
19771
19779
19785
19790
19793
19801
19808
19810
19812
19814
19842
19851
19854
19854
19855
19861
19864
19877
19882
19885
19891
19897
19904
19911
19914
19917
19919
19923
19926
19932
19948
19949
19964
19974
19975
19978
19982
19991
19997
20027
20040
20061
20065
20072
20073
20078
20083
20083
20084
20122
20123
20124
20128
20130
20134
20135
20136
20149
20169
20169
20170
20173
20175
20178
20183
20183
20183
20189
20189
20193
20215
20217
20237
20253
20259
20267
20272
20274
20278
20279
20280
20289
20307
20308
20311
20328
20333
20337
20340
20355
20356
20363
20373
20383
20386
20403
20415
20415
20416
20418
20424
20426
20448
20474
20476
20481
20482
20489
20493
20502
20514
20523
20528
20538
20540
20542
20556
20577
20580
20594
20595
20601
20608
20609
20615
20620
20626
20633
20640
20643
20648
20652
20654
20663
20666
20666
20666
20667
20675
20686
20695
20703
20710
20710
20718
20722
20736
20736
20741
20769
20778
20783
20785
20799
20807
20825
20829
20830
20851
20855
20877
20888
20889
20899
20913
20967
20967
20968
20972
20979
20990
20997
21001
21005
21006
21011
21015
21016
21025
21028
21047
21051
21060
21074
21078
21080
21080
21083
21085
21086
21090
21098
21098
21100
21108
21109
21132
21136
21138
21143
21154
21184
21184
21188
21196
21219
21221
21221
21229
21244
21265
21267
21276
21284
21286
21292
21293
21295
21302
21313
21318
21321
21323
21337
21346
21358
21363
21364
21376
21388
21396
21409
21411
21411
21416
21419
21430
21447
21457
21459
21465
21476
21476
21478
21479
21480
21487
21497
21501
21528
21543
21545
21547
21547
21555
21562
21575
21577
21578
21595
21604
21617
21617
21630
21634
21641
21683
21693
21702
21705
21710
21724
21735
21759
21766
21768
21781
21787
21794
21817
21839
21840
21856
21860
21862
21867
21873
21892
21895
21901
21907
21909
21911
21920
21926
21945
21948
21954
21962
21963
21968
21970
21974
21979
21979
21982
21991
22005
22012
22015
22015
22018
22033
22037
22044
22045
22056
22086
22104
22106
22129
22142
22161
22162
22171
22187
22194
22197
22197
22199
22214
22225
22233
22241
22276
22279
22284
22290
22294
22307
22312
22313
22336
22348
22361
22363
22409
22421
22431
22471
22482
22492
22494
22496
22501
22511
22512
22514
22525
22530
22532
22549
22566
22570
22578
22586
22593
22597
22619
22619
22630
22632
22640
22659
22663
22667
22668
22675
22678
22688
22701
22708
22716
22740
22741
22750
22777
22795
22795
22816
22830
22832
22844
22848
22850
22858
22860
22861
22867
22869
22885
22885
22892
22897
22902
22908
22912
22912
22913
22925
22951
22955
22972
22974
22974
22988
23000
23015
23024
23041
23043
23061
23072
23073
23088
23092
23101
23105
23105
23112
23115
23116
23144
23146
23147
23152
23154
23158
23165
23168
23179
23183
23186
23188
23194
23202
23224
23231
23234
23243
23245
23245
23256
23258
23277
23283
23292
23305
23318
23327
23332
23335
23342
23388
23390
23391
23392
23396
23400
23407
23439
23445
23448
23455
23461
23481
23483
23487
23492
23495
23501
23504
23525
23542
23552
23556
23569
23572
23577
23588
23589
23623
23639
23650
23656
23661
23669
23675
23681
23683
23684
23692
23694
23699
23700
23717
23729
23743
23754
23762
23775
23775
23779
23817
23826
23831
23838
23840
23847
23849
23850
23856
23859
23865
23888
23893
23901
23917
23936
23941
23941
23953
23955
23960
23967
23971
23977
23987
23990
23992
23994
24007
24007
24008
24016
24028
24028
24033
24050
24061
24065
24069
24075
24081
24087
24099
24114
24115
24117
24118
24120
24122
24125
24146
24147
24155
24160
24168
24176
24199
24208
24209
24216
24223
24227
24230
24237
24241
24245
24254
24271
24272
24277
24290
24300
24307
24308
24312
24314
24320
24326
24346
24348
24353
24353
24365
24390
24390
24395
24399
24408
24429
24441
24450
24455
24459
24464
24472
24473
24474
24474
24484
24512
24514
24515
24520
24524
24541
24546
24547
24555
24557
24567
24588
24593
24593
24599
24604
24616
24618
24618
24637
24642
24643
24668
24671
24676
24684
24696
24696
24705
24710
24722
24743
24750
24766
24773
24773
24774
24778
24779
24791
24798
24808
24816
24828
24828
24828
24833
24834
24844
24855
24865
24870
24898
24901
24917
24919
24925
24937
24942
24948
24958
24959
24961
24962
24970
24979
24979
24998
25011
25012
25013
25020
25023
25027
25043
25052
25058
25072
25079
25087
25089
25095
25107
25128
25128
25134
25141
25149
25162
25167
25184
25190
25191
25197
25205
25215
25236
25249
25253
25264
25264
25269
25269
25293
25296
25302
25313
25314
25318
25328
25329
25333
25345
25347
25367
25385
25386
25391
25395
25402
25403
25411
25428
25429
25436
25449
25452
25452
25456
25472
25476
25502
25508
25518
25524
25542
25547
25561
25563
25584
25587
25598
25605
25608
25619
25620
25624
25629
25631
25631
25633
25656
25668
25678
25679
25680
25686
25697
25705
25706
25710
25713
25722
25739
25759
25770
25776
25783
25790
25790
25791
25808
25813
25822
25824
25828
25834
25836
25841
25846
25858
25867
25880
25897
25898
25903
25917
25928
25951
25967
25981
25988
25990
26018
26021
26031
26034
26048
26052
26053
26063
26067
26068
26072
26074
26101
26113
26115
26122
26124
26126
26129
26133
26134
26153
26160
26173
26177
26200
26203
26206
26222
26248
26253
26255
26260
26260
26264
26268
26281
26291
26303
26312
26321
26333
26358
26363
26363
26364
26385
26386
26412
26423
26424
26428
26431
26434
26443
26444
26463
26467
26484
26488
26489
26504
26517
26528
26534
26539
26555
26569
26578
26584
26610
26610
26611
26615
26624
26630
26632
26633
26641
26653
26658
26667
26679
26685
26701
26705
26720
26727
26737
26740
26746
26758
26781
26787
26790
26792
26792
26793
26798
26803
26804
26806
26807
26809
26811
26814
26814
26816
26819
26821
26835
26841
26847
26850
26857
26859
26865
26867
26880
26886
26890
26897
26900
26909
26919
26919
26925
26928
26943
26946
26946
26947
26948
26949
26969
26979
26984
27005
27007
27008
27032
27037
27038
27038
27043
27053
27065
27065
27067
27080
27085
27089
27091
27098
27109
27123
27124
27137
27152
27168
27171
27182
27189
27196
27200
27216
27219
27224
27251
27252
27256
27264
27273
27283
27296
27296
27297
27311
27330
27338
27352
27358
27368
27370
27372
27393
27395
27415
27416
27432
27437
27441
27442
27465
27478
27489
27504
27505
27530
27531
27553
27577
27577
27577
27587
27587
27590
27594
27602
27606
27607
27611
27616
27621
27633
27649
27649
27651
27663
27666
27669
27671
27681
27689
27692
27700
27705
27714
27726
27732
27734
27753
27754
27759
27760
27792
27799
27809
27813
27830
27834
27837
27841
27844
27870
27892
27892
27896
27909
27918
27918
27936
27936
27956
27967
27988
27999
28023
28026
28027
28029
28042
28047
28049
28053
28074
28074
28074
28074
28082
28082
28094
28099
28102
28112
28118
28119
28128
28130
28134
28135
28148
28149
28162
28164
28168
28180
28182
28211
28213
28223
28223
28233
28240
28245
28246
28252
28255
28262
28274
28289
28290
28290
28296
28299
28313
28315
28315
28317
28318
28318
28323
28325
28343
28350
28356
28368
28382
28392
28396
28400
28402
28406
28410
28411
28422
28423
28440
28442
28458
28469
28470
28486
28487
28488
28489
28498
28503
28504
28505
28510
28522
28522
28532
28564
28569
28570
28580
28583
28583
28596
28607
28614
28621
28630
28633
28641
28642
28650
28652
28664
28666
28680
28681
28685
28689
28703
28712
28733
28747
28761
28765
28768
28773
28781
28782
28786
28791
28801
28804
28822
28834
28838
28854
28856
28862
28869
28870
28878
28888
28888
28892
28942
28956
28962
28963
28970
28978
28981
28995
29001
29007
29011
29022
29033
29065
29074
29082
29087
29091
29105
29126
29130
29130
29141
29146
29151
29152
29153
29156
29171
29174
29174
29182
29200
29213
29218
29221
29236
29249
29250
29253
29256
29264
29271
29271
29288
29292
29292
29301
29309
29331
29334
29352
29361
29372
29383
29400
29421
29421
29426
29427
29445
29447
29448
29458
29465
29478
29486
29492
29503
29515
29527
29541
29554
29556
29556
29560
29561
29591
29608
29613
29614
29617
29621
29643
29656
29669
29681
29681
29704
29731
29733
29744
29756
29761
29763
29768
29777
29789
29795
29812
29815
29832
29833
29849
29855
29857
29859
29866
29869
29873
29876
29891
29897
29901
29909
29910
29916
29929
29942
29947
29954
29956
29962
29975
29977
29979
29986
29993
29996
30003
30032
30037
30038
30041
30048
30062
30066
30080
30093
30104
30109
30114
30134
30137
30169
30175
30180
30189
30195
30211
30212
30221
30227
30231
30238
30245
30259
30260
30270
30271
30300
30301
30308
30323
30335
30338
30345
30350
30397
30412
30422
30424
30432
30435
30466
30470
30470
30499
30502
30510
30511
30519
30524
30548
30556
30568
30581
30591
30614
30624
30630
30643
30648
30654
30664
30665
30674
30693
30695
30712
30714
30721
30731
30742
30774
30775
30783
30792
30792
30806
30807
30811
30814
30816
30833
30836
30838
30843
30858
30862
30875
30876
30877
30883
30885
30906
30910
30931
30935
30946
30947
30953
30971
30971
30974
30977
31000
31001
31004
31015
31020
31034
31036
31056
31063
31065
31066
31068
31071
31088
31102
31111
31122
31151
31155
31159
31163
31172
31175
31196
31202
31203
31226
31240
31244
31245
31250
31256
31260
31269
31274
31276
31283
31302
31310
31310
31311
31313
31314
31339
31348
31351
31357
31361
31371
31376
31413
31417
31418
31426
31441
31447
31450
31453
31461
31461
31463
31467
31476
31478
31490
31493
31495
31496
31497
31502
31505
31506
31522
31531
31539
31540
31547
31550
31552
31561
31577
31585
31591
31597
31601
31620
31622
31627
31635
31641
31641
31647
31654
31665
31676
31687
31690
31708
31717
31723
31744
31754
31754
31758
31762
31783
31785
31805
31810
31812
31818
31864
31896
31901
31907
31913
31918
31920
31920
31923
31934
31947
31981
31982
31988
31993
31999
32018
32019
32029
32036
32046
32053
32060
32072
32074
32075
32080
32091
32094
32097
32106
32119
32125
32145
32145
32168
32176
32179
32179
32182
32195
32196
32200
32203
32209
32226
32240
32255
32257
32261
32271
32301
32331
32371
32372
32389
32389
32404
32425
32444
32468
32469
32471
32488
32498
32499
32501
32503
32506
32517
32528
32544
32557
32570
32584
32588
32604
32607
32611
32612
32618
32621
32621
32627
32629
32637
32651
32652
32657
32668
32671
32676
32677
32678
32683
32685
32686
32701
32702
32702
32703
32707
32715
32718
32719
32726
32729
32736
32745
32756
32764
32765
